{
  "advancedEditorSelectedIdentifier" : "ProjectBrowser",
  "openSceneRelativePaths" : [
    "Bird.usda",
    "Deer.usda",
    "Dragon.usda"
  ],
  "recentIdentifiers" : {
    "002F92E0-FB55-4865-B516-6A5B2D601C97" : [

    ],
    "AF09ED6F-1707-48FD-8720-65B998362C09" : [

    ],
    "D66134B1-3681-4A8E-AFE5-29F257229F3B" : [

    ],
    "E0A24A52-8098-4DCF-A73C-D0A36ED12155" : [

    ]
  },
  "sceneCameraHistory" : {
    "002F92E0-FB55-4865-B516-6A5B2D601C97" : [
      {
        "date" : 735917227.465488,
        "title" : "Untitled",
        "transform" : [
          0.97977114,
          -5.051658e-09,
          -0.20012122,
          0,
          -0.09996738,
          0.8662942,
          -0.48942912,
          0,
          0.17336385,
          0.49953413,
          0.84877,
          0,
          2.0177639,
          3.702465,
          7.9208636,
          1
        ]
      },
      {
        "date" : 735917209.606179,
        "title" : "Untitled",
        "transform" : [
          0.9797711,
          -1.8717028e-08,
          -0.20012125,
          0,
          0.08549229,
          0.904156,
          0.41856056,
          0,
          0.18094082,
          -0.42720243,
          0.885866,
          0,
          1.3992878,
          -2.4026744,
          5.1006775,
          1
        ]
      },
      {
        "date" : 735916771.621832,
        "title" : "Untitled",
        "transform" : [
          0.9797711,
          -1.8717028e-08,
          -0.20012125,
          0,
          0.08549229,
          0.904156,
          0.41856056,
          0,
          0.18094082,
          -0.42720243,
          0.885866,
          0,
          0.66263115,
          -0.6634221,
          1.4940913,
          1
        ]
      },
      {
        "date" : 735916761.021228,
        "title" : "Untitled",
        "transform" : [
          0.99999994,
          0,
          0,
          0,
          0,
          0.86545736,
          -0.5009825,
          0,
          0,
          0.5009825,
          0.86545736,
          0,
          0.5335313,
          2.0573986,
          0.19444996,
          1
        ]
      },
      {
        "date" : 735916734.45294,
        "title" : "Untitled",
        "transform" : [
          0.99999994,
          0,
          -0,
          0,
          -0,
          0.86545736,
          -0.5009825,
          0,
          0,
          0.5009825,
          0.86545736,
          0,
          0.5335313,
          2.0573986,
          0.19444995,
          1
        ]
      },
      {
        "date" : 735916732.836149,
        "title" : "Untitled",
        "transform" : [
          0.99999994,
          0,
          -0,
          0,
          -0,
          0.8654573,
          -0.5009826,
          0,
          0,
          0.5009826,
          0.8654573,
          0,
          0.33892938,
          3.369016,
          3.9453843,
          1
        ]
      }
    ],
    "6B610E20-EA13-4346-ABA0-D94AAFDF3C41" : [
      {
        "date" : 735916715.94085,
        "title" : "Untitled",
        "transform" : [
          0.999176,
          -1.156083e-10,
          -0.04058691,
          0,
          -0.011343946,
          0.96014637,
          -0.27926737,
          0,
          0.038969375,
          0.27949765,
          0.95935524,
          0,
          0.23346432,
          1.1134965,
          2.3445158,
          1
        ]
      },
      {
        "date" : 735915925.790222,
        "title" : "Untitled",
        "transform" : [
          1,
          0,
          -0,
          0,
          -0,
          0.87116003,
          -0.4909991,
          0,
          0,
          0.4909991,
          0.87116003,
          0,
          0.33892938,
          3.9762008,
          4.99706,
          1
        ]
      }
    ],
    "AF09ED6F-1707-48FD-8720-65B998362C09" : [
      {
        "date" : 735900077.04593,
        "title" : "Untitled",
        "transform" : [
          0.9726017,
          -2.8736844e-09,
          0.23247765,
          0,
          0.06871027,
          0.9553253,
          -0.2874586,
          0,
          -0.22209184,
          0.29555628,
          0.9291511,
          0,
          0.8926049,
          0.13831855,
          4.2416587,
          1
        ]
      },
      {
        "date" : 735900075.546211,
        "title" : "Untitled",
        "transform" : [
          0.9726017,
          -2.8736844e-09,
          0.23247765,
          0,
          0.06871027,
          0.9553253,
          -0.2874586,
          0,
          -0.22209184,
          0.29555628,
          0.9291511,
          0,
          0.92784053,
          0.091427505,
          4.094246,
          1
        ]
      },
      {
        "date" : 735900020.479105,
        "title" : "Untitled",
        "transform" : [
          0.9726017,
          -2.8736844e-09,
          0.23247765,
          0,
          0.06871027,
          0.9553253,
          -0.2874586,
          0,
          -0.22209184,
          0.29555628,
          0.9291511,
          0,
          -0.009219751,
          2.103891,
          3.2301137,
          1
        ]
      },
      {
        "date" : 735900004.061851,
        "title" : "Untitled",
        "transform" : [
          0.9460413,
          -6.398998e-10,
          -0.32404593,
          0,
          -0.17581263,
          0.84002054,
          -0.51327914,
          0,
          0.27220523,
          0.5425546,
          0.7946942,
          0,
          0.5520614,
          1.9255904,
          0.23021609,
          1
        ]
      },
      {
        "date" : 735899998.530554,
        "title" : "Untitled",
        "transform" : [
          1,
          0,
          -0,
          0,
          -0,
          0.8660258,
          -0.49999928,
          0,
          0,
          0.49999928,
          0.8660258,
          0,
          0,
          3.6003854,
          4.1187124,
          1
        ]
      }
    ],
    "D66134B1-3681-4A8E-AFE5-29F257229F3B" : [
      {
        "date" : 735915756.822925,
        "title" : "Untitled",
        "transform" : [
          0.99693584,
          -1.7332669e-09,
          0.078223675,
          0,
          0.039263327,
          0.86490446,
          -0.5003985,
          0,
          -0.06765601,
          0.50193655,
          0.86225426,
          0,
          0.0010308385,
          3.379946,
          3.9513268,
          1
        ]
      },
      {
        "date" : 735915747.517957,
        "title" : "Untitled",
        "transform" : [
          0.99693584,
          1.9878783e-09,
          0.078223675,
          0,
          0.039263446,
          0.86490357,
          -0.50040007,
          0,
          -0.067655936,
          0.5019381,
          0.8622533,
          0,
          0.1380203,
          2.653044,
          2.5271652,
          1
        ]
      },
      {
        "date" : 735915698.40743,
        "title" : "Untitled",
        "transform" : [
          0.9969359,
          9.098118e-10,
          0.07822368,
          0,
          0.03926333,
          0.8649044,
          -0.50039864,
          0,
          -0.067656,
          0.5019367,
          0.8622542,
          0,
          10.82647,
          84.06559,
          53.06378,
          1
        ]
      },
      {
        "date" : 735915695.973101,
        "title" : "Untitled",
        "transform" : [
          0.9969359,
          9.098118e-10,
          0.07822368,
          0,
          0.03926333,
          0.8649044,
          -0.50039864,
          0,
          -0.067656,
          0.5019367,
          0.8622542,
          0,
          6.1542788,
          47.786865,
          30.163965,
          1
        ]
      },
      {
        "date" : 735915654.735091,
        "title" : "Untitled",
        "transform" : [
          0.9969359,
          9.098118e-10,
          0.07822368,
          0,
          0.03926333,
          0.8649044,
          -0.50039864,
          0,
          -0.067656,
          0.5019367,
          0.8622542,
          0,
          0.22162892,
          1.7209086,
          1.0862699,
          1
        ]
      },
      {
        "date" : 735915649.201471,
        "title" : "Untitled",
        "transform" : [
          0.99693584,
          3.3988705e-09,
          0.07822369,
          0,
          0.032941736,
          0.9070039,
          -0.41983187,
          0,
          -0.0709492,
          0.42112225,
          0.9042247,
          0,
          0.1841289,
          1.7784723,
          1.5654814,
          1
        ]
      },
      {
        "date" : 735915406.052329,
        "title" : "Untitled",
        "transform" : [
          0.9969358,
          -2.879369e-10,
          0.07822369,
          0,
          0.03258619,
          0.90910035,
          -0.41530058,
          0,
          -0.071113184,
          0.41657704,
          0.90631473,
          0,
          0.20823786,
          1.6082003,
          1.2553452,
          1
        ]
      },
      {
        "date" : 735914880.175453,
        "title" : "Untitled",
        "transform" : [
          0.9998704,
          -6.435373e-10,
          0.016099328,
          0,
          0.0013522512,
          0.9964662,
          -0.083983384,
          0,
          -0.016042432,
          0.083994366,
          0.9963371,
          0,
          1.6687379,
          -4.6831517,
          3.2444468,
          1
        ]
      },
      {
        "date" : 735914850.79071,
        "title" : "Untitled",
        "transform" : [
          0.9998703,
          -6.435372e-10,
          0.016099326,
          0,
          0.0013522512,
          0.9964662,
          -0.083983384,
          0,
          -0.016042432,
          0.083994366,
          0.9963371,
          0,
          0.66095203,
          0.94586784,
          2.7536743,
          1
        ]
      },
      {
        "date" : 735914837.239353,
        "title" : "Untitled",
        "transform" : [
          0.9999758,
          -1.053606e-09,
          -0.006957953,
          0,
          -0.0036166625,
          0.85429496,
          -0.51977587,
          0,
          0.005944146,
          0.5197885,
          0.8542742,
          0,
          1.4765521,
          4.2496166,
          4.1618824,
          1
        ]
      }
    ],
    "DD0B14AB-4458-47AC-B986-33E699616D62" : [
      {
        "date" : 735915781.431164,
        "title" : "Untitled",
        "transform" : [
          0.99999994,
          0,
          -0,
          0,
          -0,
          0.86545855,
          -0.5009806,
          0,
          0,
          0.5009806,
          0.86545855,
          0,
          0.33823502,
          3.3623953,
          3.9377887,
          1
        ]
      },
      {
        "date" : 735915767.38429,
        "title" : "Untitled",
        "transform" : [
          0.99999994,
          0,
          -0,
          0,
          -0,
          0.8660254,
          -0.49999988,
          0,
          0,
          0.49999988,
          0.8660254,
          0,
          0,
          0.13739191,
          0.23796977,
          1
        ]
      }
    ],
    "E0A24A52-8098-4DCF-A73C-D0A36ED12155" : [
      {
        "date" : 735915752.015093,
        "title" : "Untitled",
        "transform" : [
          1,
          -7.595422e-14,
          3.051764e-05,
          0,
          1.544018e-05,
          0.86256707,
          -0.50594276,
          0,
          -2.632351e-05,
          0.50594276,
          0.86256707,
          0,
          -3.1796038,
          28.604462,
          63.657265,
          1
        ]
      },
      {
        "date" : 735915741.919801,
        "title" : "Untitled",
        "transform" : [
          1,
          -3.9498087e-13,
          3.051764e-05,
          0,
          1.544062e-05,
          0.86255854,
          -0.5059572,
          0,
          -2.6323252e-05,
          0.5059572,
          0.86255854,
          0,
          -3.249609,
          17.813751,
          45.26735,
          1
        ]
      },
      {
        "date" : 735915738.936099,
        "title" : "Untitled",
        "transform" : [
          1,
          -3.9498087e-13,
          3.051764e-05,
          0,
          1.544062e-05,
          0.86255854,
          -0.5059572,
          0,
          -2.6323252e-05,
          0.5059572,
          0.86255854,
          0,
          -2.7883615,
          15.285278,
          38.842133,
          1
        ]
      },
      {
        "date" : 735915667.001084,
        "title" : "Untitled",
        "transform" : [
          1,
          -3.9498087e-13,
          3.051764e-05,
          0,
          1.544062e-05,
          0.86255854,
          -0.5059572,
          0,
          -2.6323252e-05,
          0.5059572,
          0.86255854,
          0,
          -3.1677032,
          17.364758,
          44.126396,
          1
        ]
      },
      {
        "date" : 735915660.701919,
        "title" : "Untitled",
        "transform" : [
          1,
          -3.9498087e-13,
          3.051764e-05,
          0,
          1.544062e-05,
          0.86255854,
          -0.5059572,
          0,
          -2.6323252e-05,
          0.5059572,
          0.86255854,
          0,
          -3.1717796,
          10.819912,
          32.81511,
          1
        ]
      },
      {
        "date" : 735915630.31615,
        "title" : "Untitled",
        "transform" : [
          0.99999994,
          0,
          3.051765e-05,
          0,
          1.528881e-05,
          0.8654573,
          -0.5009826,
          0,
          -2.6411712e-05,
          0.5009826,
          0.8654573,
          0,
          -3.6038976,
          6.236277,
          34.34384,
          1
        ]
      },
      {
        "date" : 735915616.751014,
        "title" : "Untitled",
        "transform" : [
          0.9999986,
          0,
          0.0016174308,
          0,
          0.0008103047,
          0.8654573,
          -0.5009819,
          0,
          -0.0013998174,
          0.5009826,
          0.86545616,
          0,
          0.12620205,
          33.956215,
          57.445812,
          1
        ]
      },
      {
        "date" : 735915562.274384,
        "title" : "Untitled",
        "transform" : [
          0.9999986,
          0,
          0.0016174308,
          0,
          0.0008103047,
          0.8654573,
          -0.5009819,
          0,
          -0.0013998174,
          0.5009826,
          0.86545616,
          0,
          0.21549726,
          1.9934348,
          2.2313135,
          1
        ]
      },
      {
        "date" : 735915548.390316,
        "title" : "Untitled",
        "transform" : [
          0.99999994,
          0,
          0,
          0,
          0,
          0.8654573,
          -0.5009826,
          0,
          0,
          0.5009826,
          0.8654573,
          0,
          0.33892938,
          3.0835931,
          3.4510179,
          1
        ]
      },
      {
        "date" : 735915546.018395,
        "title" : "Untitled",
        "transform" : [
          0.99999994,
          0,
          -0,
          0,
          -0,
          0.8654573,
          -0.5009826,
          0,
          0,
          0.5009826,
          0.8654573,
          0,
          0.33892938,
          3.369016,
          3.9453843,
          1
        ]
      }
    ]
  },
  "selectedSceneRelativePath" : "Dragon.usda"
}