{
  "advancedEditorSelectedIdentifier" : "ProjectBrowser",
  "openSceneRelativePaths" : [
    "Bird.usda",
    "Deer.usda",
    "Dragon.usda"
  ],
  "recentIdentifiers" : {
    "002F92E0-FB55-4865-B516-6A5B2D601C97" : [

    ],
    "6B610E20-EA13-4346-ABA0-D94AAFDF3C41" : [

    ],
    "AF09ED6F-1707-48FD-8720-65B998362C09" : [

    ],
    "D66134B1-3681-4A8E-AFE5-29F257229F3B" : [

    ],
    "E0A24A52-8098-4DCF-A73C-D0A36ED12155" : [

    ]
  },
  "sceneCameraHistory" : {
    "002F92E0-FB55-4865-B516-6A5B2D601C97" : [
      {
        "date" : 736053572.792476,
        "title" : "Untitled",
        "transform" : [
          -0.9944799,
          5.7887553e-09,
          0.10492824,
          0,
          0.027452897,
          0.9651671,
          0.26019022,
          0,
          -0.1012733,
          0.26163447,
          -0.9598391,
          0,
          -0.41453615,
          0.47010976,
          -2.7536495,
          1
        ]
      },
      {
        "date" : 736053568.509123,
        "title" : "Untitled",
        "transform" : [
          0.78421634,
          1.0735655e-08,
          0.6204875,
          0,
          0.6201095,
          0.034899533,
          -0.7837386,
          0,
          -0.021654727,
          0.99939084,
          0.02736881,
          0,
          -0.13408726,
          2.7967618,
          0.36820343,
          1
        ]
      },
      {
        "date" : 735925550.466104,
        "title" : "Untitled",
        "transform" : [
          0.97977114,
          -5.051658e-09,
          -0.20012122,
          0,
          -0.09996738,
          0.8662942,
          -0.48942912,
          0,
          0.17336385,
          0.49953413,
          0.84877,
          0,
          0.6350331,
          1.1652442,
          2.4928634,
          1
        ]
      },
      {
        "date" : 735917227.465488,
        "title" : "Untitled",
        "transform" : [
          0.97977114,
          -5.051658e-09,
          -0.20012122,
          0,
          -0.09996738,
          0.8662942,
          -0.48942912,
          0,
          0.17336385,
          0.49953413,
          0.84877,
          0,
          2.0177639,
          3.702465,
          7.9208636,
          1
        ]
      },
      {
        "date" : 735917209.606179,
        "title" : "Untitled",
        "transform" : [
          0.9797711,
          -1.8717028e-08,
          -0.20012125,
          0,
          0.08549229,
          0.904156,
          0.41856056,
          0,
          0.18094082,
          -0.42720243,
          0.885866,
          0,
          1.3992878,
          -2.4026744,
          5.1006775,
          1
        ]
      },
      {
        "date" : 735916771.621832,
        "title" : "Untitled",
        "transform" : [
          0.9797711,
          -1.8717028e-08,
          -0.20012125,
          0,
          0.08549229,
          0.904156,
          0.41856056,
          0,
          0.18094082,
          -0.42720243,
          0.885866,
          0,
          0.66263115,
          -0.6634221,
          1.4940913,
          1
        ]
      },
      {
        "date" : 735916761.021228,
        "title" : "Untitled",
        "transform" : [
          0.99999994,
          0,
          0,
          0,
          0,
          0.86545736,
          -0.5009825,
          0,
          0,
          0.5009825,
          0.86545736,
          0,
          0.5335313,
          2.0573986,
          0.19444996,
          1
        ]
      },
      {
        "date" : 735916734.45294,
        "title" : "Untitled",
        "transform" : [
          0.99999994,
          0,
          -0,
          0,
          -0,
          0.86545736,
          -0.5009825,
          0,
          0,
          0.5009825,
          0.86545736,
          0,
          0.5335313,
          2.0573986,
          0.19444995,
          1
        ]
      },
      {
        "date" : 735916732.836149,
        "title" : "Untitled",
        "transform" : [
          0.99999994,
          0,
          -0,
          0,
          -0,
          0.8654573,
          -0.5009826,
          0,
          0,
          0.5009826,
          0.8654573,
          0,
          0.33892938,
          3.369016,
          3.9453843,
          1
        ]
      }
    ],
    "6B610E20-EA13-4346-ABA0-D94AAFDF3C41" : [
      {
        "date" : 735916715.94085,
        "title" : "Untitled",
        "transform" : [
          0.999176,
          -1.156083e-10,
          -0.04058691,
          0,
          -0.011343946,
          0.96014637,
          -0.27926737,
          0,
          0.038969375,
          0.27949765,
          0.95935524,
          0,
          0.23346432,
          1.1134965,
          2.3445158,
          1
        ]
      },
      {
        "date" : 735915925.790222,
        "title" : "Untitled",
        "transform" : [
          1,
          0,
          -0,
          0,
          -0,
          0.87116003,
          -0.4909991,
          0,
          0,
          0.4909991,
          0.87116003,
          0,
          0.33892938,
          3.9762008,
          4.99706,
          1
        ]
      }
    ],
    "AF09ED6F-1707-48FD-8720-65B998362C09" : [
      {
        "date" : 735900077.04593,
        "title" : "Untitled",
        "transform" : [
          0.9726017,
          -2.8736844e-09,
          0.23247765,
          0,
          0.06871027,
          0.9553253,
          -0.2874586,
          0,
          -0.22209184,
          0.29555628,
          0.9291511,
          0,
          0.8926049,
          0.13831855,
          4.2416587,
          1
        ]
      },
      {
        "date" : 735900075.546211,
        "title" : "Untitled",
        "transform" : [
          0.9726017,
          -2.8736844e-09,
          0.23247765,
          0,
          0.06871027,
          0.9553253,
          -0.2874586,
          0,
          -0.22209184,
          0.29555628,
          0.9291511,
          0,
          0.92784053,
          0.091427505,
          4.094246,
          1
        ]
      },
      {
        "date" : 735900020.479105,
        "title" : "Untitled",
        "transform" : [
          0.9726017,
          -2.8736844e-09,
          0.23247765,
          0,
          0.06871027,
          0.9553253,
          -0.2874586,
          0,
          -0.22209184,
          0.29555628,
          0.9291511,
          0,
          -0.009219751,
          2.103891,
          3.2301137,
          1
        ]
      },
      {
        "date" : 735900004.061851,
        "title" : "Untitled",
        "transform" : [
          0.9460413,
          -6.398998e-10,
          -0.32404593,
          0,
          -0.17581263,
          0.84002054,
          -0.51327914,
          0,
          0.27220523,
          0.5425546,
          0.7946942,
          0,
          0.5520614,
          1.9255904,
          0.23021609,
          1
        ]
      },
      {
        "date" : 735899998.530554,
        "title" : "Untitled",
        "transform" : [
          1,
          0,
          -0,
          0,
          -0,
          0.8660258,
          -0.49999928,
          0,
          0,
          0.49999928,
          0.8660258,
          0,
          0,
          3.6003854,
          4.1187124,
          1
        ]
      }
    ],
    "D66134B1-3681-4A8E-AFE5-29F257229F3B" : [
      {
        "date" : 735915756.822925,
        "title" : "Untitled",
        "transform" : [
          0.99693584,
          -1.7332669e-09,
          0.078223675,
          0,
          0.039263327,
          0.86490446,
          -0.5003985,
          0,
          -0.06765601,
          0.50193655,
          0.86225426,
          0,
          0.0010308385,
          3.379946,
          3.9513268,
          1
        ]
      },
      {
        "date" : 735915747.517957,
        "title" : "Untitled",
        "transform" : [
          0.99693584,
          1.9878783e-09,
          0.078223675,
          0,
          0.039263446,
          0.86490357,
          -0.50040007,
          0,
          -0.067655936,
          0.5019381,
          0.8622533,
          0,
          0.1380203,
          2.653044,
          2.5271652,
          1
        ]
      },
      {
        "date" : 735915698.40743,
        "title" : "Untitled",
        "transform" : [
          0.9969359,
          9.098118e-10,
          0.07822368,
          0,
          0.03926333,
          0.8649044,
          -0.50039864,
          0,
          -0.067656,
          0.5019367,
          0.8622542,
          0,
          10.82647,
          84.06559,
          53.06378,
          1
        ]
      },
      {
        "date" : 735915695.973101,
        "title" : "Untitled",
        "transform" : [
          0.9969359,
          9.098118e-10,
          0.07822368,
          0,
          0.03926333,
          0.8649044,
          -0.50039864,
          0,
          -0.067656,
          0.5019367,
          0.8622542,
          0,
          6.1542788,
          47.786865,
          30.163965,
          1
        ]
      },
      {
        "date" : 735915654.735091,
        "title" : "Untitled",
        "transform" : [
          0.9969359,
          9.098118e-10,
          0.07822368,
          0,
          0.03926333,
          0.8649044,
          -0.50039864,
          0,
          -0.067656,
          0.5019367,
          0.8622542,
          0,
          0.22162892,
          1.7209086,
          1.0862699,
          1
        ]
      },
      {
        "date" : 735915649.201471,
        "title" : "Untitled",
        "transform" : [
          0.99693584,
          3.3988705e-09,
          0.07822369,
          0,
          0.032941736,
          0.9070039,
          -0.41983187,
          0,
          -0.0709492,
          0.42112225,
          0.9042247,
          0,
          0.1841289,
          1.7784723,
          1.5654814,
          1
        ]
      },
      {
        "date" : 735915406.052329,
        "title" : "Untitled",
        "transform" : [
          0.9969358,
          -2.879369e-10,
          0.07822369,
          0,
          0.03258619,
          0.90910035,
          -0.41530058,
          0,
          -0.071113184,
          0.41657704,
          0.90631473,
          0,
          0.20823786,
          1.6082003,
          1.2553452,
          1
        ]
      },
      {
        "date" : 735914880.175453,
        "title" : "Untitled",
        "transform" : [
          0.9998704,
          -6.435373e-10,
          0.016099328,
          0,
          0.0013522512,
          0.9964662,
          -0.083983384,
          0,
          -0.016042432,
          0.083994366,
          0.9963371,
          0,
          1.6687379,
          -4.6831517,
          3.2444468,
          1
        ]
      },
      {
        "date" : 735914850.79071,
        "title" : "Untitled",
        "transform" : [
          0.9998703,
          -6.435372e-10,
          0.016099326,
          0,
          0.0013522512,
          0.9964662,
          -0.083983384,
          0,
          -0.016042432,
          0.083994366,
          0.9963371,
          0,
          0.66095203,
          0.94586784,
          2.7536743,
          1
        ]
      },
      {
        "date" : 735914837.239353,
        "title" : "Untitled",
        "transform" : [
          0.9999758,
          -1.053606e-09,
          -0.006957953,
          0,
          -0.0036166625,
          0.85429496,
          -0.51977587,
          0,
          0.005944146,
          0.5197885,
          0.8542742,
          0,
          1.4765521,
          4.2496166,
          4.1618824,
          1
        ]
      }
    ],
    "DD0B14AB-4458-47AC-B986-33E699616D62" : [
      {
        "date" : 735915781.431164,
        "title" : "Untitled",
        "transform" : [
          0.99999994,
          0,
          -0,
          0,
          -0,
          0.86545855,
          -0.5009806,
          0,
          0,
          0.5009806,
          0.86545855,
          0,
          0.33823502,
          3.3623953,
          3.9377887,
          1
        ]
      },
      {
        "date" : 735915767.38429,
        "title" : "Untitled",
        "transform" : [
          0.99999994,
          0,
          -0,
          0,
          -0,
          0.8660254,
          -0.49999988,
          0,
          0,
          0.49999988,
          0.8660254,
          0,
          0,
          0.13739191,
          0.23796977,
          1
        ]
      }
    ],
    "E0A24A52-8098-4DCF-A73C-D0A36ED12155" : [
      {
        "date" : 736053933.444628,
        "title" : "Untitled",
        "transform" : [
          0.989617,
          -1.4910832e-08,
          -0.1437297,
          0,
          -0.064518705,
          0.89358735,
          -0.44422847,
          0,
          0.12843505,
          0.4488893,
          0.8843093,
          0,
          -0.5829439,
          1.8252455,
          0.36475345,
          1
        ]
      },
      {
        "date" : 736053759.576164,
        "title" : "Untitled",
        "transform" : [
          0.989617,
          -1.4910832e-08,
          -0.1437297,
          0,
          -0.064518705,
          0.89358735,
          -0.44422847,
          0,
          0.12843503,
          0.44888923,
          0.8843092,
          0,
          -0.9233322,
          2.3056824,
          1.5583093,
          1
        ]
      },
      {
        "date" : 736053755.218443,
        "title" : "Untitled",
        "transform" : [
          0.9867352,
          -1.5120555e-08,
          -0.16233842,
          0,
          -0.06026989,
          0.9285286,
          -0.36633617,
          0,
          0.15073587,
          0.37126085,
          0.9162119,
          0,
          -0.8755,
          2.1455,
          1.6358628,
          1
        ]
      },
      {
        "date" : 736053751.133286,
        "title" : "Untitled",
        "transform" : [
          0.99693334,
          -1.5368506e-08,
          -0.07825474,
          0,
          -0.025073536,
          0.94727916,
          -0.31942683,
          0,
          0.07412908,
          0.32040936,
          0.9443743,
          0,
          -1.0440371,
          2.0359018,
          1.6682825,
          1
        ]
      },
      {
        "date" : 736053748.89628,
        "title" : "Untitled",
        "transform" : [
          0.99596,
          -1.5954647e-08,
          -0.08979776,
          0,
          -0.042536385,
          0.88069105,
          -0.47177747,
          0,
          0.07908408,
          0.47369114,
          0.87713313,
          0,
          -1.0431836,
          2.1862621,
          1.5548043,
          1
        ]
      },
      {
        "date" : 736053742.426576,
        "title" : "Untitled",
        "transform" : [
          0.99769425,
          -1.603262e-08,
          0.067868344,
          0,
          0.03559729,
          0.85140747,
          -0.52329546,
          0,
          -0.057783607,
          0.52450484,
          0.8494444,
          0,
          -1.1726649,
          2.2341285,
          1.4784732,
          1
        ]
      },
      {
        "date" : 736053642.661387,
        "title" : "Untitled",
        "transform" : [
          0.99769425,
          -8.8519325e-10,
          0.06786833,
          0,
          0.029340576,
          0.90172243,
          -0.4313187,
          0,
          -0.06119844,
          0.43231553,
          0.89964336,
          0,
          -1.2495716,
          1.5912112,
          2.815476,
          1
        ]
      },
      {
        "date" : 736053639.057381,
        "title" : "Untitled",
        "transform" : [
          0.9114912,
          -9.716425e-10,
          0.41131946,
          0,
          0.2748259,
          0.7440206,
          -0.609019,
          0,
          -0.3060302,
          0.66815674,
          0.67816824,
          0,
          -1.9745405,
          2.1889787,
          2.670128,
          1
        ]
      },
      {
        "date" : 736053636.327875,
        "title" : "Untitled",
        "transform" : [
          0.9114912,
          -9.716425e-10,
          0.41131946,
          0,
          0.2748259,
          0.7440206,
          -0.609019,
          0,
          -0.3060302,
          0.66815674,
          0.67816824,
          0,
          -1.9752997,
          2.190431,
          2.6739879,
          1
        ]
      },
      {
        "date" : 736053633.761942,
        "title" : "Untitled",
        "transform" : [
          0.94826645,
          -7.1095263e-10,
          0.3174755,
          0,
          0.21855675,
          0.7253116,
          -0.6528063,
          0,
          -0.2302687,
          0.6884208,
          0.68778867,
          0,
          -1.761945,
          2.244127,
          2.6673265,
          1
        ]
      }
    ]
  },
  "selectedSceneRelativePath" : "Deer.usda"
}